000000011
000000100
000000101
000000101
000001100
000001101
000000110
000001000
000001010
000000111
000011000
000011001
000001000
000001111
000010001
000001001
000001100
000001111
000001001
000101000
000101001
000001010
000011000
000011010
000001011
000111100
000111101
000001100
000010000
000010100
000001100
000100011
000100101
000001101
001010100
001010101
000001110
000110000
000110010
000001111
000010100
000011001
000001111
000100100
000100111
000001111
001110000
001110001
000010000
000011110
000100010
000010000
000111111
001000001
000010001
010010000
010010001
000010010
000011000
000011110
000010010
001010000
001010010
000010011
010110100
010110101
000010100
000010101
000011101
000010100
000110000
000110100
000010100
001100011
001100101
000010101
000011100
000100011
000010101
001001000
001001011
000010101
011011100
011011101
000010110
001111000
001111010
000010111
100001000
100001001
000011000
000100000
000101000
000011000
000101101
000110011
000011000
001000110
001001010
000011000
010001111
010010001
000011001
000111100
001000001
000011001
100111000
100111001
000011010
010101000
010101010
000011011
000100100
000101101
000011011
001111000
001111011
000011011
101101100
101101101
000011100
000101101
000110101
000011100
001100000
001100100
000011100
011000011
011000101
000011101
110100100
110100101
000011110
000101000
000110010
000011110
001001000
001001110
000011110
011100000
011100010
000011111
111100000
111100001
000100000
000111100
001000100
000100000
001111110
010000010
000100000
011111111
100000001
000100001
000101100
000110111
000100001
000111000
001000001
000100001
010110100
010110111
000100010
100100000
100100010
000100011
001010100
001011011
000100011
001111000
001111101
000100100
000110000
000111100
000100100
001001101
001010101
000100100
001101001
001101111
000100100
010100000
010100100
000100100
101000011
101000101
000100110
101101000
101101010
000100111
000110100
001000001
000100111
001010000
001011001
000100111
011111100
011111111
000101000
000101010
000111010
000101000
001001011
001010101
000101000
001100000
001101000
000101000
011000110
011001010
000101000
110001111
110010001
000101010
000111000
001000110
000101010
010010000
010010110
000101010
110111000
110111010
000101100
001110101
001111101
000101100
011110000
011110100
000101100
111100011
111100101
000101101
000111100
001001011
000101101
001101100
001110101
000101101
011001000
011001101
000101101
101010000
101010011
000110000
000110111
001001001
000110000
001000000
001010000
000110000
001011010
001100110
000110000
010001100
010010100
000110000
010111101
011000011
000110000
100011110
100100010
000110001
010101000
010101111
000110010
001111000
010000010
000110011
001000100
001010101
000110011
010001100
010010101
000110011
110110000
110110011
000110100
010100101
010101101
000110100
101010000
101010100
000110110
001001000
001011010
000110110
011110000
011110110
000110111
010000100
010001111
000110111
100101100
100110001
000111000
001011010
001101010
000111000
001101001
001110111
000111000
011000000
011001000
000111000
110000110
110001010
000111001
001001100
001011111
000111001
010110000
010111001
000111100
000111111
001010111
000111100
001010000
001100100
000111100
001011011
001101101
000111100
010010000
010011100
000111100
010101111
010111001
000111100
011011101
011100101
000111100
100101001
100101111
000111100
111000000
111000100
000111111
001010100
001101001
000111111
011011000
011100001
000111111
100011000
100011111
001000000
001111000
010001000
001000000
011111100
100000100
001000001
001001000
001100001
001000001
010011100
010101001
001000001
110100100
110101001
001000010
001011000
001101110
001000010
001110000
010000010
001000010
101101000
101101110
001000100
100011101
100100101
001000101
001011100
001110011
001000101
100000100
100001101
001000110
010101000
010110110
001000110
011110000
011111010
001001000
001100000
001111000
001001000
010000111
010011001
001001000
010011010
010101010
001001000
011010010
011011110
001001000
101000000
101001000
001001000
110101101
110110011
001001011
001100100
001111101
001001011
010110100
011000011
001001011
100110100
100111101
001001100
101100101
101101101
001001101
100001000
100010011
001001101
110100100
110101011
001001110
001101000
010000010
001001110
010100000
010110010
001001110
111111000
111111110
001010000
001010100
001110100
001010000
010010110
010101010
001010000
011000000
011010000
001010000
100111011
101000101
001010000
110001100
110010100
001010001
001101100
010000111
001010001
101101000
101110001
001010100
001110000
010001100
001010100
010000111
010011111
001010100
010111011
011001101
001010100
011110101
100000011
001010100
100100000
100101100
001010100
110110101
110111101
001010101
010000100
010011101
001010101
011001100
011011101
001010111
001110100
010010001
001010111
110100000
110101001
001011000
001101001
010001001
001011000
010100101
010111011
001011000
011101010
011111010
001011000
111100000
111101000
001011010
001111000
010010110
001011010
011011000
011101010
001011010
110010000
110011010
001011011
100111000
101000101
001011101
001111100
010011011
001011101
111011100
111100101
001011111
010101000
011000001
001011111
011100100
011110111
001100000
001101110
010010010
001100000
010000000
010100000
001100000
010110100
011001100
001100000
011110111
100001001
001100000
100011000
100101000
001100000
101111010
110000110
001100010
101010000
101011110
001100011
010000100
010100101
001100011
010101000
011000011
001100011
110111000
111000011
001100100
001101001
010010001
001100100
011110000
100000100
001100100
111101111
111111001
001100110
010001000
010101010
001100110
100011000
100101010
001101000
010011001
010111001
001101000
011000011
011011101
001101000
101001010
101011010
001101001
010001100
010101111
001101001
011010000
011101001
001101001
011111100
100010001
001101001
101101000
101110111
001101100
010010000
010110100
001101100
011100111
011111111
001101100
100111011
101001101
001101100
111100000
111101100
001101110
100001000
100011110
001101111
010010100
010111001
001110000
010110100
011010100
001110000
011010010
011101110
001110000
110000000
110010000
001110000
110111001
111000111
001110010
010011000
010111110
001110010
101100000
101110010
001110011
011111100
100010101
001110011
100010100
100101011
001110101
010011100
011000011
001110101
011110000
100001011
001110111
001111000
010101001
001110111
110011000
110101001
001111000
001111110
010101110
001111000
010100000
011001000
001111000
010110110
011011010
001111000
011010001
011110001
001111000
011100001
011111111
001111000
100100000
100111000
001111000
101011110
101110010
001111000
110000111
110011001
001111000
110111010
111001010
001111011
010100100
011001101
001111101
100101100
101000101
001111110
010101000
011010010
001111110
110110000
111000010
010000000
011110000
100010000
010000001
010101100
011010111
010000010
010010000
011000010
010000010
100111000
101010010
010000100
010110000
011011100
010000100
011100000
100000100
010000100
101011111
101110111
010000100
110000001
110010111
010000100
111011011
111101101
010000101
010011100
011001101
010000101
111001000
111011011
010000111
010110100
011100001
010000111
101000100
101011111
010000111
101100000
101111001
010001000
011111111
100100001
010001000
100010001
100110001
010001010
010111000
011100110
010001100
010010011
011001011
010001100
010101011
011011101
010001100
011100001
100001001
010001100
101010000
101101100
010001100
111100000
111110100
010001101
010111100
011101011
010010000
010100101
011011011
010010000
011000000
011110000
010010000
100001110
100110010
010010000
100110100
101010100
010010000
110100100
110111100
010010001
101011100
101111001
010010001
110011000
110110001
010010011
011000100
011110101
010010110
011001000
011111010
010010110
101101000
110000110
010011000
100011101
101000011
010011000
101011001
101111001
010011001
011001100
011111111
010011001
110100100
110111111
010011011
101110100
110010011
010011011
111010100
111101101
010011100
011010000
100000100
010011100
101000000
101100100
010011100
111000111
111100001
010011111
011010100
100001001
010100000
010101000
011101000
010100000
011100111
100011001
010100000
100101100
101010100
010100000
110000000
110100000
010100001
011110000
100100001
010100010
011011000
100001110
010100101
011011100
100010011
010100101
100011000
101000101
010100101
110001100
110101101
010101000
011100000
100011000
010101000
100001110
100111110
010101000
100111011
101100101
010101000
101110110
110011010
010101000
110101001
111001001
010101010
100001000
100111010
010101010
110011000
110111010
010101011
011100100
100011101
010101110
011101000
100100010
010101111
100100000
101010001
010101111
110100100
111000111
010110000
011010010
100010010
010110000
101001010
101110110
010110000
111010100
111110100
010110001
011101100
100100111
010110100
010111101
100000101
010110100
011110000
100101100
010110100
100010001
101000111
010110100
100101011
101011101
010110100
110000001
110101001
010110100
110110000
111010100
010110111
011110100
100110001
010111000
101011001
110000111
010111001
110111100
111100001
010111010
011111000
100110110
010111101
011111100
100111011
010111101
101010100
110000101
010111110
101010000
110000010
010111110
111001000
111101110
011000000
011011100
100100100
011000000
100000000
101000000
011000000
101101000
110011000
011000011
011011000
100100011
011000011
100000100
101000101
011000011
110010000
110111101
011000011
111010100
111111011
011000100
100111011
101110011
011000110
100001000
101001010
011000110
101010000
110000110
011001000
011010010
100100010
011001000
101110111
110101001
011001001
100001100
101001111
011001011
110001100
110111101
011001100
011111101
101000101
011001100
100010000
101010100
011001111
011100000
100110001
011001111
100010100
101011001
011010000
100110010
101110010
011010000
110000110
110111010
011010010
100011000
101011110
011010010
110100000
111010010
011010101
100011100
101100011
011011000
100100000
101101000
011011000
110010101
111001011
011011000
111001110
111111110
011011001
111001000
111111001
011011011
100100100
101101101
011011100
011100111
100111111
011011100
111001011
111111101
011011110
100101000
101110010
011100000
101101000
110101000
011100000
110100100
111011100
011100001
100010000
101100001
011100001
100101100
101110111
011100100
100110000
101111100
011100100
101000101
110001101
011100111
100110100
110000001
011100111
110001000
111000111
011101000
110110011
111101101
011101010
100111000
110000110
011101101
100111100
110001011
011101110
011110000
101010010
011110000
011111100
101011100
011110000
100010011
101101101
011110000
101000000
110010000
011110000
101101100
110110100
011110000
110100010
111100010
011110000
111000010
111111110
011110011
101000100
110010101
011110110
101001000
110011010
011111001
101001100
110011111
011111100
100010011
101110101
011111100
101010000
110100100
011111100
110010101
111011101
011111111
101010100
110101001
011111111
110001100
111010111
100000010
101011000
110101110
100000100
100010001
101111001
100000100
100100000
110000100
100000101
101011100
110110011
100000101
101111100
111001101
100001000
100111011
110011011
100001000
101100000
110111000
100001010
100111000
110011010
100001011
101100100
110111101
100001110
101101000
111000010
100010001
101101100
111000111
100010100
101110000
111001100
100010111
101110100
111010001
100011000
100100110
110010110
100011000
101010110
110111010
100011000
101011111
111000001
100011010
101111000
111010110
100011101
101111100
111011011
100100000
101001010
110110110
100100000
110000000
111100000
100100011
110000100
111100101
100100110
110001000
111101010
100101001
100110000
110101001
100101001
110001100
111101111
100101100
100111011
110110011
100101100
110010000
111110100
100101111
110010100
111111001
100110010
110011000
111111110
100111111
101101000
111100001
101000000
101010000
111010000
101000101
101101000
111100101
101010000
101111001
111111001
101010000
110000001
111111111
101010100
101100101
111101101
101100101
101101000
111111011
