0110011100110
0101011111101
1010110000011
0111101001000
1100011000100
1111010001110
0011110001100
1110110111001
1101111010100
1001000110111
1111100100100
1101000101011
0100010011110
1100011100100
1111101111111
1111111011010
1011011100010
0001010101010
0011100010010
1110011110111
1100100001110
0010000101011
0101001110001
0101000111011
0100100101011
0000100110011
1000010001100
0000001001010
0011110011110
0110010010100
1110010011000
1100000000111
0011001110110
1000101100000
0111100110110
1000000110010
0110110011000
1000011011100
0000111010100
1000001101000
0101111100001
0100001110000
1100101100011
1000101100011
0011010101011
0000011111110
0101000111011
0001110111010
0101000110010
0111011111100
1011100110010
0001010001100
1000110100110
1100111100000
1011101001111
1000100101011
0011011101011
0100100101000
1111011011110
0101000000011
1110101111000
1101000011000
0011010100001
1111000111110
1011100110001
0100000101111
0110111110011
0000110000001
0011001111101
1011101100001
1000110101101
0111000000101
0101110010011
1010011011000
1110011010001
1101100101101
1001110011011
1100100110111
1111001011111
1111100010101
1010010000001
0010011010001
1111110100110
1110010001000
0000010111101
0101010101000
0111111111010
0111011111001
0101111111100
1011101111010
