0000001011010
0000001100111
0000011000000
0000010101101
0000101011001
0000111011011
0001001001100
0001100101011
0010010010111
0010101101010
0011011001101
0011111100101
0011110110110
0100011111111
0100100110111
0100110110011
0100100100110
0100010011000
0100011101011
0100110110101
0100101111101
0100010000110
0011110111001
0011111010111
0100001001110
0011100110001
0011001000101
0010011010111
0010100110010
0010100111001
0010011011010
0001100101101
0001100011001
0001010101101
0001010111011
0001000111010
0000111101001
0000110111111
0000100101001
0000100000100
0000001101011
0000011001000
0000011100001
0000010001000
0000010111001
0000110001000
0001000110101
0001100001011
0001110011110
0010000010100
0010110101110
0011000101101
0011001111110
0010110110001
0010110111100
0010100100011
0010100000110
0010011110001
0010011010110
0010011111110
0010010110100
0010101010110
0010001011101
0010011011010
0010001111111
0010001101001
0001111000010
0010001010111
0010010100011
0011001101111
0011001100100
0011000101000
0010110111000
0011000100001
0011001010111
0010111100000
0010001000010
0001110101100
0001100010100
0001010111000
0000110100010
0000001010101
0000011001110
0000011110010
0000010001111
0000100010111
0000111100010
0001000110111
0001100101100
0001110111000
0010011001101
0011010101011
0011100110001
0011100000110
0011000101010
0011000000101
0011001010111
0010110100011
0010011111110
0010110101011
0011010000111
0011111011100
0011111101101
0011110010011
0100010110010
0100111000010
0100101111101
0100100010110
0100100011010
0100011111011
0100011011100
0100000001111
0011001110101
0011000011010
0010110111000
0010111011000
0010001001111
0010000011100
0001110011001
0001110000100
0001010000010
0000111010010
0000011001000
