0000010101110
0000100001111
0000110101011
0000111110000
0001011001110
0001111110000
0001110110001
0010010111111
0011000010000
0011001001110
0011011100110
0100010000001
0011111000111
0100001010101
0100110010000
0101000111001
0100101100011
0011110010000
0100001100001
0100100110111
0100101001010
0100000001000
0011011011001
0011001111100
0011100010100
0011001011010
0011001111000
0010011100011
0001101100100
0010001001111
0010011001010
0001101001111
0001000011111
0001010010110
0000111110101
0000110101010
0000100111010
0000101110110
0000010001101
0000011011011
0000011000011
0000110000010
0001001010100
0000110000011
0000111100101
0001100011011
0001110100011
0001110111010
0010010001111
0010000001100
0010001111010
0010101011100
0011001001100
0011000011100
0010110001110
0010101001111
0010001011000
0010100010111
0010010110101
0010001111000
0010000110111
0010101011100
0010000001011
0010001000101
0011000101001
0010111010001
0010011001111
0010001110110
0010100110100
0011000110001
0011010000011
0010101110010
0010100011010
0010001101010
0010011000101
0010001111100
0001111000100
0001010000001
0000110100101
0000111000001
0001000101111
0000010011011
0000110001110
0001001111000
0000110011011
0001010011101
0010000010100
0001111000001
0001111011011
0010001110100
0010001110001
0010101001000
0011001000001
0011011001001
0010111000100
0010111001000
0011101110110
0011100010000
0011000101000
0011010110101
0011100101111
0100001011001
0100011100110
0011110101111
0100010011110
0100101111111
0100001111000
0011111111111
0100010000000
0011111111101
0011101010010
0100000001000
0011010101000
0010010110001
0010001000011
0010101111010
0010000001110
0001001000001
0001010100000
0001000111000
0000111010101
0000101110110
0000101101100
